r 0 0 0 0 
” 0 0 0 1 0 0 0 0 0 
â 0 0 0 1 0 0 0 0 1 
: 0 0 0 1 0 0 0 1 0 
H 0 0 0 1 0 0 0 1 1 
S 0 0 0 1 0 0 1 0 
M 0 0 0 1 0 0 1 1 0 
x 0 0 0 1 0 0 1 1 1 
p 0 0 0 1 0 1 
m 0 0 0 1 1 
e 0 0 1 
h 0 1 0 0 
I 0 1 0 1 0 0 0 
Z 0 1 0 1 0 0 1 0 0 0 0 0 
Ð 0 1 0 1 0 0 1 0 0 0 0 1 0 0 
ÿ 0 1 0 1 0 0 1 0 0 0 0 1 0 1 0 
¼ 0 1 0 1 0 0 1 0 0 0 0 1 0 1 1 
3 0 1 0 1 0 0 1 0 0 0 0 1 1 
1 0 1 0 1 0 0 1 0 0 0 1 
Y 0 1 0 1 0 0 1 0 0 1 
8 0 1 0 1 0 0 1 0 1 0 0 
E 0 1 0 1 0 0 1 0 1 0 1 
G 0 1 0 1 0 0 1 0 1 1 0 
L 0 1 0 1 0 0 1 0 1 1 1 
? 0 1 0 1 0 0 1 1 
f 0 1 0 1 0 1 
T 0 1 0 1 1 0 0 0 
A 0 1 0 1 1 0 0 1 0 
N 0 1 0 1 1 0 0 1 1 0 0 
q 0 1 0 1 1 0 0 1 1 0 1 
O 0 1 0 1 1 0 0 1 1 1 
k 0 1 0 1 1 0 1 
c 0 1 0 1 1 1 
o 0 1 1 0 
, 0 1 1 1 0 0 

 0 1 1 1 0 1 0 
 0 1 1 1 0 1 1 
d 0 1 1 1 1 
a 1 0 0 0 
t 1 0 0 1 
. 1 0 1 0 0 0 
' 1 0 1 0 0 1 0 0 
! 1 0 1 0 0 1 0 1 0 
P 1 0 1 0 0 1 0 1 1 
R 1 0 1 0 0 1 1 0 
v 1 0 1 0 0 1 1 1 
l 1 0 1 0 1 
g 1 0 1 1 0 0 
w 1 0 1 1 0 1 
" 1 0 1 1 1 0 
- 1 0 1 1 1 1 0 0 0 0 
B 1 0 1 1 1 1 0 0 0 1 
C 1 0 1 1 1 1 0 0 1 0 
W 1 0 1 1 1 1 0 0 1 1 
j 1 0 1 1 1 1 0 1 0 0 0 
z 1 0 1 1 1 1 0 1 0 0 1 
0 1 0 1 1 1 1 0 1 0 1 0 0 
2 1 0 1 1 1 1 0 1 0 1 0 1 
9 1 0 1 1 1 1 0 1 0 1 1 0 
D 1 0 1 1 1 1 0 1 0 1 1 1 
F 1 0 1 1 1 1 0 1 1 0 0 0 
K 1 0 1 1 1 1 0 1 1 0 0 1 
7 1 0 1 1 1 1 0 1 1 0 1 0 0 
; 1 0 1 1 1 1 0 1 1 0 1 0 1 
J 1 0 1 1 1 1 0 1 1 0 1 1 0 
V 1 0 1 1 1 1 0 1 1 0 1 1 1 
€ 1 0 1 1 1 1 0 1 1 1 
b 1 0 1 1 1 1 1 
y 1 1 0 0 0 0 
u 1 1 0 0 0 1 
s 1 1 0 0 1 
n 1 1 0 1 0 
i 1 1 0 1 1 
  1 1 1 
